59.913333
58.478333
58.970000
59.446389
58.851667
58.365000
58.519722
58.656944
58.606389
58.777222
58.722778
58.781944
58.880000
59.001667
59.063333
59.217222
59.468333
59.687500
59.062222
59.200278
59.361667
59.256389
59.307222
59.545556
63.110278
62.756389
62.477778
62.060556
62.258333
62.355556
62.356389
62.364167
62.200278
62.191389
62.375556
62.424722
62.562500
62.584444
62.504722
62.828611
62.997222
62.916389
62.953611
62.612778
62.947500
63.401944
63.268611
62.087778
62.303611
62.916667
67.282778
68.420556
65.096667
65.323611
65.475833
65.675278
65.668333
65.998611
65.956667
66.112778
65.799167
65.400556
65.547500
66.091389
66.257778
66.054167
66.371944
66.431944
66.507500
66.593333
66.788056
67.023333
66.917222
66.920000
67.220556
67.220556
67.798333
68.404167
68.536389
67.520000
67.673056
68.079167
68.221389
68.278056
68.535000
68.695278
68.888333
68.708611
69.094444
67.925278
68.075833
59.126389
59.459167
59.285833
59.205278
59.737778
59.669444
60.205278
59.056389
59.223056
59.511111
59.582222
59.480556
59.373056
59.348889
59.472500
59.575000
59.750000
59.660278
59.698889
59.808611
59.938333
59.835278
59.840000
59.889167
59.774167
59.898889
59.950000
60.073056
60.082500
60.170833
60.130833
60.350000
60.245556
60.415833
60.047778
60.408611
60.558333
60.750278
60.905833
60.630278
60.571667
60.052500
60.195000
59.957500
59.771944
59.793889
59.847778
60.017222
60.307222
60.271111
60.252778
60.243056
60.799167
61.116667
60.792500
61.024167
60.825278
60.715833
60.442222
60.236667
59.998056
60.456389
60.653611
60.753333
60.927500
61.310000
61.146389
61.635000
61.859444
61.883333
62.401389
62.275278
62.071667
62.199167
62.476111
62.035000
62.210556
61.936111
61.810833
61.848611
61.658889
61.816944
61.568889
61.535556
61.265278
61.276667
60.613333
60.652778
60.441111
60.676944
60.931944
60.696389
60.967222
60.959722
61.060556
61.236389
61.214444
59.420833
59.495278
59.298056
59.130556
59.081111
59.115556
59.208056
59.629444
59.166667
59.297500
59.019722
58.886944
59.123333
59.284722
59.450000
60.009167
59.665000
59.513333
59.398333
59.076389
59.165833
59.417222
59.801389
58.726389
58.351944
58.460833
58.147222
58.104167
58.082778
58.327222
58.892500
58.775556
58.623889
58.583056
58.246944
58.449444
58.798056
58.441111
58.584722
58.924167
59.212500
59.443056
58.310556
58.701944
58.169167
58.456667
58.338056
58.861944
60.389444
61.599722
59.663889
59.573611
59.779444
59.808056
59.918889
59.998333
59.928056
60.311667
60.435000
60.621111
60.702500
60.370000
60.402778
60.195556
60.037778
60.610833
60.471389
60.606944
60.880556
60.518056
60.666667
60.771111
60.768889
60.838333
61.024167
61.130833
61.170833
61.188056
61.056944
61.242222
60.868056
61.051111
61.291389
61.493889
61.405833
61.306111
61.452222
61.808611
61.911389
61.743889
61.838611
63.429722
64.058056
64.493889
63.725556
64.297778
62.573611
62.830833
62.574167
62.868611
62.921111
63.176389
63.281389
63.372778
63.198333
63.018333
63.438056
63.475000
63.603889
63.654722
63.798056
64.224444
64.376111
64.920833
64.871944
64.531389
64.724167
64.507778
64.419722
65.088056
63.899444
63.643889
63.290556
63.547222
63.783333
63.977778
63.306667
64.839167
63.042222
69.682778
68.800000
69.976667
70.370556
70.073333
70.662500
68.701944
68.484444
68.829444
68.690000
68.657778
68.864167
68.900556
68.975000
69.091944
69.066944
69.080556
69.304722
70.130000
69.690278
69.278611
69.603889
70.085278
69.705000
69.894167
69.011667
70.239444
70.591667
70.996667
70.978056
70.052222
69.481944
70.945278
71.041111
70.858056
70.199444
70.173333
70.635278
69.728611
