10.738889
6.063056
5.731389
5.298333
5.736111
6.310278
6.461389
6.146667
5.724722
5.596667
5.765278
6.008611
5.628611
5.615278
6.027778
6.340833
6.499722
6.437222
5.411667
5.423056
5.542778
5.249167
4.886111
5.818056
7.727778
7.238611
6.190278
5.697500
5.431389
5.544444
5.853889
6.001389
6.132222
6.948889
6.644167
6.206111
6.101944
7.018333
7.781944
6.845833
7.555278
7.919167
8.218056
8.634167
8.770000
8.029167
8.607778
6.014167
7.257778
7.227500
14.375000
17.560000
12.588611
12.177222
12.400278
11.957778
12.518611
12.217222
12.572778
13.130833
13.250556
13.510556
14.134444
12.525833
13.035000
14.030556
14.342778
12.855000
12.030833
13.359444
13.675833
14.077222
14.674722
15.560000
15.808611
15.808611
15.171944
15.571389
16.931944
12.098889
12.669167
13.274444
13.784444
14.520833
14.825000
14.579444
15.183333
15.280833
15.764444
12.958889
15.782222
11.482778
10.700833
11.111944
10.950000
10.205000
9.651667
10.152500
11.022222
11.695556
11.628333
11.170278
11.144444
11.420278
10.855000
10.916944
10.731944
10.866667
10.783611
10.655278
10.655556
10.506667
10.435000
11.568333
11.075278
11.101944
10.964167
11.083333
10.872222
11.014444
11.188056
11.489167
11.250000
10.952778
11.008611
10.291111
9.484167
9.101111
8.984722
8.514722
8.561111
8.071667
9.601111
9.664444
9.982778
9.836111
10.266111
9.482222
9.233889
8.805556
10.401944
10.667222
12.225556
11.056111
10.466667
10.695000
10.801944
11.390833
11.190278
11.568056
11.745556
12.060556
12.058333
12.153056
11.897500
11.715278
12.315000
11.415833
10.874167
11.176111
12.033333
11.022222
10.832500
10.507500
10.035278
11.243056
9.467500
8.644722
7.960278
8.639167
9.121111
9.727778
9.573333
9.923333
10.308056
10.413333
9.922500
10.916111
10.596111
10.495556
10.278889
10.017222
9.658889
9.653611
9.264167
8.917222
9.143611
8.504167
10.432778
10.248611
10.423611
10.216667
10.016389
9.710000
9.552778
9.191389
10.400000
9.706389
9.560833
9.346944
8.981944
9.123889
9.100000
8.559444
8.726111
8.648889
8.495000
8.518333
8.019722
7.978611
7.779167
9.194444
8.544444
8.766389
7.997222
7.288889
6.752778
6.666667
8.956667
8.832222
8.927778
8.572222
8.316944
8.233333
8.369167
7.955833
7.770556
7.764722
7.535833
7.255000
7.856944
7.393611
7.055833
7.219722
7.023056
6.813333
5.330000
5.032778
5.933333
5.363333
5.218333
5.466389
5.371389
5.577222
6.036944
6.814722
7.277222
7.080278
6.423056
6.143889
5.805556
5.622222
5.268333
4.824722
5.160556
5.816111
5.925278
5.541389
5.333333
4.926111
4.730556
5.448611
5.119444
4.947778
5.293056
5.895556
6.578056
7.055000
7.243333
7.597778
7.798056
7.329444
5.242222
5.463333
5.857222
5.420833
6.037222
6.170556
6.862778
10.393333
11.718889
11.511667
8.744167
10.513333
9.608889
9.874444
11.383056
11.277222
10.500556
10.303611
10.055278
10.750833
11.140278
11.815000
11.849444
11.170833
10.774444
11.260278
11.949167
12.625278
13.609722
13.650833
12.976389
12.620000
12.333889
11.893889
10.907778
11.616944
11.220000
10.186944
9.089167
8.854722
9.800000
10.385556
9.850278
11.460833
9.289444
18.942778
16.545833
23.295833
31.024167
29.749722
23.683333
16.146944
16.292500
17.245833
17.541667
17.583611
18.352778
17.893056
19.064444
18.193611
17.741389
16.803056
19.203611
19.430833
20.081667
20.286667
20.532500
20.659444
21.209167
21.980278
23.043333
22.348611
22.302778
24.661389
25.974722
24.955833
25.105000
27.351111
27.851389
29.085000
28.185833
28.553611
29.720833
30.041667
