59.913333	10.738889
58.478333	6.063056
58.970000	5.731389
59.446389	5.298333
58.851667	5.736111
58.365000	6.310278
58.519722	6.461389
58.656944	6.146667
58.606389	5.724722
58.777222	5.596667
58.722778	5.765278
58.781944	6.008611
58.880000	5.628611
59.001667	5.615278
59.063333	6.027778
59.217222	6.340833
59.468333	6.499722
59.687500	6.437222
59.062222	5.411667
59.200278	5.423056
59.361667	5.542778
59.256389	5.249167
59.307222	4.886111
59.545556	5.818056
63.110278	7.727778
62.756389	7.238611
62.477778	6.190278
62.060556	5.697500
62.258333	5.431389
62.355556	5.544444
62.356389	5.853889
62.364167	6.001389
62.200278	6.132222
62.191389	6.948889
62.375556	6.644167
62.424722	6.206111
62.562500	6.101944
62.584444	7.018333
62.504722	7.781944
62.828611	6.845833
62.997222	7.555278
62.916389	7.919167
62.953611	8.218056
62.612778	8.634167
62.947500	8.770000
63.401944	8.029167
63.268611	8.607778
62.087778	6.014167
62.303611	7.257778
62.916667	7.227500
67.282778	14.375000
68.420556	17.560000
65.096667	12.588611
65.323611	12.177222
65.475833	12.400278
65.675278	11.957778
65.668333	12.518611
65.998611	12.217222
65.956667	12.572778
66.112778	13.130833
65.799167	13.250556
65.400556	13.510556
65.547500	14.134444
66.091389	12.525833
66.257778	13.035000
66.054167	14.030556
66.371944	14.342778
66.431944	12.855000
66.507500	12.030833
66.593333	13.359444
66.788056	13.675833
67.023333	14.077222
66.917222	14.674722
66.920000	15.560000
67.220556	15.808611
67.220556	15.808611
67.798333	15.171944
68.404167	15.571389
68.536389	16.931944
67.520000	12.098889
67.673056	12.669167
68.079167	13.274444
68.221389	13.784444
68.278056	14.520833
68.535000	14.825000
68.695278	14.579444
68.888333	15.183333
68.708611	15.280833
69.094444	15.764444
67.925278	12.958889
68.075833	15.782222
59.126389	11.482778
59.459167	10.700833
59.285833	11.111944
59.205278	10.950000
59.737778	10.205000
59.669444	9.651667
60.205278	10.152500
59.056389	11.022222
59.223056	11.695556
59.511111	11.628333
59.582222	11.170278
59.480556	11.144444
59.373056	11.420278
59.348889	10.855000
59.472500	10.916944
59.575000	10.731944
59.750000	10.866667
59.660278	10.783611
59.698889	10.655278
59.808611	10.655556
59.938333	10.506667
59.835278	10.435000
59.840000	11.568333
59.889167	11.075278
59.774167	11.101944
59.898889	10.964167
59.950000	11.083333
60.073056	10.872222
60.082500	11.014444
60.170833	11.188056
60.130833	11.489167
60.350000	11.250000
60.245556	10.952778
60.415833	11.008611
60.047778	10.291111
60.408611	9.484167
60.558333	9.101111
60.750278	8.984722
60.905833	8.514722
60.630278	8.561111
60.571667	8.071667
60.052500	9.601111
60.195000	9.664444
59.957500	9.982778
59.771944	9.836111
59.793889	10.266111
59.847778	9.482222
60.017222	9.233889
60.307222	8.805556
60.271111	10.401944
60.252778	10.667222
60.243056	12.225556
60.799167	11.056111
61.116667	10.466667
60.792500	10.695000
61.024167	10.801944
60.825278	11.390833
60.715833	11.190278
60.442222	11.568056
60.236667	11.745556
59.998056	12.060556
60.456389	12.058333
60.653611	12.153056
60.753333	11.897500
60.927500	11.715278
61.310000	12.315000
61.146389	11.415833
61.635000	10.874167
61.859444	11.176111
61.883333	12.033333
62.401389	11.022222
62.275278	10.832500
62.071667	10.507500
62.199167	10.035278
62.476111	11.243056
62.035000	9.467500
62.210556	8.644722
61.936111	7.960278
61.810833	8.639167
61.848611	9.121111
61.658889	9.727778
61.816944	9.573333
61.568889	9.923333
61.535556	10.308056
61.265278	10.413333
61.276667	9.922500
60.613333	10.916111
60.652778	10.596111
60.441111	10.495556
60.676944	10.278889
60.931944	10.017222
60.696389	9.658889
60.967222	9.653611
60.959722	9.264167
61.060556	8.917222
61.236389	9.143611
61.214444	8.504167
59.420833	10.432778
59.495278	10.248611
59.298056	10.423611
59.130556	10.216667
59.081111	10.016389
59.115556	9.710000
59.208056	9.552778
59.629444	9.191389
59.166667	10.400000
59.297500	9.706389
59.019722	9.560833
58.886944	9.346944
59.123333	8.981944
59.284722	9.123889
59.450000	9.100000
60.009167	8.559444
59.665000	8.726111
59.513333	8.648889
59.398333	8.495000
59.076389	8.518333
59.165833	8.019722
59.417222	7.978611
59.801389	7.779167
58.726389	9.194444
58.351944	8.544444
58.460833	8.766389
58.147222	7.997222
58.104167	7.288889
58.082778	6.752778
58.327222	6.666667
58.892500	8.956667
58.775556	8.832222
58.623889	8.927778
58.583056	8.572222
58.246944	8.316944
58.449444	8.233333
58.798056	8.369167
58.441111	7.955833
58.584722	7.770556
58.924167	7.764722
59.212500	7.535833
59.443056	7.255000
58.310556	7.856944
58.701944	7.393611
58.169167	7.055833
58.456667	7.219722
58.338056	7.023056
58.861944	6.813333
60.389444	5.330000
61.599722	5.032778
59.663889	5.933333
59.573611	5.363333
59.779444	5.218333
59.808056	5.466389
59.918889	5.371389
59.998333	5.577222
59.928056	6.036944
60.311667	6.814722
60.435000	7.277222
60.621111	7.080278
60.702500	6.423056
60.370000	6.143889
60.402778	5.805556
60.195556	5.622222
60.037778	5.268333
60.610833	4.824722
60.471389	5.160556
60.606944	5.816111
60.880556	5.925278
60.518056	5.541389
60.666667	5.333333
60.771111	4.926111
60.768889	4.730556
60.838333	5.448611
61.024167	5.119444
61.130833	4.947778
61.170833	5.293056
61.188056	5.895556
61.056944	6.578056
61.242222	7.055000
60.868056	7.243333
61.051111	7.597778
61.291389	7.798056
61.493889	7.329444
61.405833	5.242222
61.306111	5.463333
61.452222	5.857222
61.808611	5.420833
61.911389	6.037222
61.743889	6.170556
61.838611	6.862778
63.429722	10.393333
64.058056	11.718889
64.493889	11.511667
63.725556	8.744167
64.297778	10.513333
62.573611	9.608889
62.830833	9.874444
62.574167	11.383056
62.868611	11.277222
62.921111	10.500556
63.176389	10.303611
63.281389	10.055278
63.372778	10.750833
63.198333	11.140278
63.018333	11.815000
63.438056	11.849444
63.475000	11.170833
63.603889	10.774444
63.654722	11.260278
63.798056	11.949167
64.224444	12.625278
64.376111	13.609722
64.920833	13.650833
64.871944	12.976389
64.531389	12.620000
64.724167	12.333889
64.507778	11.893889
64.419722	10.907778
65.088056	11.616944
63.899444	11.220000
63.643889	10.186944
63.290556	9.089167
63.547222	8.854722
63.783333	9.800000
63.977778	10.385556
63.306667	9.850278
64.839167	11.460833
63.042222	9.289444
69.682778	18.942778
68.800000	16.545833
69.976667	23.295833
70.370556	31.024167
70.073333	29.749722
70.662500	23.683333
68.701944	16.146944
68.484444	16.292500
68.829444	17.245833
68.690000	17.541667
68.657778	17.583611
68.864167	18.352778
68.900556	17.893056
68.975000	19.064444
69.091944	18.193611
69.066944	17.741389
69.080556	16.803056
69.304722	19.203611
70.130000	19.430833
69.690278	20.081667
69.278611	20.286667
69.603889	20.532500
70.085278	20.659444
69.705000	21.209167
69.894167	21.980278
69.011667	23.043333
70.239444	22.348611
70.591667	22.302778
70.996667	24.661389
70.978056	25.974722
70.052222	24.955833
69.481944	25.105000
70.945278	27.351111
71.041111	27.851389
70.858056	29.085000
70.199444	28.185833
70.173333	28.553611
70.635278	29.720833
69.728611	30.041667
